iteration timestamp latency minor_pagefaults major_pagefaults
0 0 54472 0 0
1 1000000 54879 0 0
2 2000000 55517 0 0
3 3000000 56155 0 0
4 4000000 55741 0 0
5 5000000 54415 0 0
6 6000000 61785 0 0
7 7000000 60339 0 0
8 8000000 59574 0 0
9 9000000 57426 0 0
10 10000000 59717 0 0
11 11000000 60425 0 0
12 12000000 59249 0 0
13 13000000 59035 0 0
14 14000000 68970 0 0
15 15000000 58417 0 0
16 16000000 57772 0 0
17 17000000 57639 0 0
18 18000000 58457 0 0
19 19000000 59415 0 0
20 20000000 58590 0 0
21 21000000 57705 0 0
22 22000000 59004 0 0
23 23000000 69209 0 0
24 24000000 59117 0 0
25 25000000 59595 0 0
26 26000000 59792 0 0
27 27000000 59517 0 0
28 28000000 57570 0 0
29 29000000 58008 0 0
30 30000000 58014 0 0
31 31000000 59052 0 0
32 32000000 67134 0 0
33 33000000 56350 0 0
34 34000000 59112 0 0
35 35000000 60762 0 0
36 36000000 59486 0 0
37 37000000 58831 0 0
38 38000000 58758 0 0
39 39000000 60097 0 0
40 40000000 58180 0 0
41 41000000 57395 0 0
42 42000000 59896 0 0
43 43000000 60483 0 0
44 44000000 59067 0 0
45 45000000 57691 0 0
46 46000000 59180 0 0
47 47000000 59918 0 0
48 48000000 58933 0 0
49 49000000 57417 0 0
50 50000000 59277 0 0
51 51000000 60345 0 0
52 52000000 59200 0 0
53 53000000 57403 0 0
54 54000000 59433 0 0
55 55000000 60512 0 0
56 56000000 59086 0 0
57 57000000 68901 0 0
58 58000000 58988 0 0
59 59000000 59746 0 0
60 60000000 58330 0 0
61 61000000 58878 0 0
62 62000000 58403 0 0
63 63000000 59622 0 0
64 64000000 57925 0 0
65 65000000 57922 0 0
66 66000000 65663 0 0
67 67000000 60720 0 0
68 68000000 58903 0 0
69 69000000 59221 0 0
70 70000000 59628 0 0
71 71000000 60225 0 0
72 72000000 58879 0 0
73 73000000 58896 0 0
74 74000000 68701 0 0
75 75000000 60622 0 0
76 76000000 58965 0 0
77 77000000 59132 0 0
78 78000000 58708 0 0
79 79000000 60478 0 0
80 80000000 60725 0 0
81 81000000 58628 0 0
82 82000000 59125 0 0
83 83000000 58410 0 0
84 84000000 59378 0 0
85 85000000 59605 0 0
86 86000000 59932 0 0
87 87000000 60660 0 0
88 88000000 59345 0 0
89 89000000 59511 0 0
90 90000000 59778 0 0
91 91000000 70785 0 0
92 92000000 59230 0 0
93 93000000 59137 0 0
94 94000000 59454 0 0
95 95000000 59971 0 0
96 96000000 58966 0 0
97 97000000 59122 0 0
98 98000000 59349 0 0
99 99000000 69655 0 0
100 100000000 58972 0 0
101 101000000 59419 0 0
102 102000000 57963 0 0
103 103000000 59372 0 0
104 104000000 58537 0 0
105 105000000 57231 0 0
106 106000000 59822 0 0
107 107000000 60670 0 0
108 108000000 69383 0 0
109 109000000 59782 0 0
110 110000000 59247 0 0
111 111000000 60486 0 0
112 112000000 59491 0 0
113 113000000 59077 0 0
114 114000000 59324 0 0
115 115000000 60482 0 0
116 116000000 68514 0 0
117 117000000 59243 0 0
118 118000000 59109 0 0
119 119000000 60599 0 0
120 120000000 59153 0 0
121 121000000 59069 0 0
122 122000000 58865 0 0
123 123000000 59413 0 0
124 124000000 58708 0 0
125 125000000 57913 0 0
126 126000000 58310 0 0
127 127000000 59449 0 0
128 128000000 58854 0 0
129 129000000 58430 0 0
130 130000000 58486 0 0
131 131000000 59465 0 0
132 132000000 58399 0 0
133 133000000 56893 0 0
134 134000000 58713 0 0
135 135000000 59501 0 0
136 136000000 58045 0 0
137 137000000 58071 0 0
138 138000000 58007 0 0
139 139000000 59246 0 0
140 140000000 58812 0 0
141 141000000 64509 0 0
142 142000000 57883 0 0
143 143000000 59062 0 0
144 144000000 58177 0 0
145 145000000 57743 0 0
146 146000000 60023 0 0
147 147000000 59699 0 0
148 148000000 57902 0 0
149 149000000 57979 0 0
150 150000000 65670 0 0
151 151000000 58654 0 0
152 152000000 57839 0 0
153 153000000 57745 0 0
154 154000000 57892 0 0
155 155000000 59231 0 0
156 156000000 58045 0 0
157 157000000 57480 0 0
158 158000000 69018 0 0
159 159000000 58906 0 0
160 160000000 58401 0 0
161 161000000 57967 0 0
162 162000000 58074 0 0
163 163000000 58912 0 0
164 164000000 57857 0 0
165 165000000 58074 0 0
166 166000000 57549 0 0
167 167000000 56945 0 0
168 168000000 57602 0 0
169 169000000 57458 0 0
170 170000000 58176 0 0
171 171000000 59074 0 0
172 172000000 58580 0 0
173 173000000 59318 0 0
174 174000000 58052 0 0
175 175000000 70041 0 0
176 176000000 57855 0 0
177 177000000 57992 0 0
178 178000000 57908 0 0
179 179000000 59568 0 0
180 180000000 59915 0 0
181 181000000 58248 0 0
182 182000000 58786 0 0
183 183000000 70494 0 0
184 184000000 58729 0 0
185 185000000 58345 0 0
186 186000000 58381 0 0
187 187000000 59510 0 0
188 188000000 57873 0 0
189 189000000 59072 0 0
190 190000000 57656 0 0
191 191000000 58914 0 0
192 192000000 67567 0 0
193 193000000 58477 0 0
194 194000000 58704 0 0
195 195000000 59542 0 0
196 196000000 58056 0 0
197 197000000 58493 0 0
198 198000000 58479 0 0
199 199000000 59488 0 0
200 200000000 67279 0 0
201 201000000 58178 0 0
202 202000000 58716 0 0
203 203000000 59764 0 0
204 204000000 58719 0 0
205 205000000 57974 0 0
206 206000000 57830 0 0
207 207000000 59259 0 0
208 208000000 57783 0 0
209 209000000 56818 0 0
210 210000000 57566 0 0
211 211000000 59085 0 0
212 212000000 57549 0 0
213 213000000 57655 0 0
214 214000000 57862 0 0
215 215000000 59231 0 0
216 216000000 58517 0 0
217 217000000 56620 0 0
218 218000000 57839 0 0
219 219000000 59368 0 0
220 220000000 58402 0 0
221 221000000 58169 0 0
222 222000000 58045 0 0
223 223000000 59594 0 0
224 224000000 58238 0 0
225 225000000 55900 0 0
226 226000000 58572 0 0
227 227000000 59440 0 0
228 228000000 58805 0 0
229 229000000 58511 0 0
230 230000000 58047 0 0
231 231000000 58965 0 0
232 232000000 57749 0 0
233 233000000 55882 0 0
234 234000000 57231 0 0
235 235000000 58570 0 0
236 236000000 57675 0 0
237 237000000 58092 0 0
238 238000000 57869 0 0
239 239000000 59648 0 0
240 240000000 58623 0 0
241 241000000 57858 0 0
242 242000000 65830 0 0
243 243000000 59895 0 0
244 244000000 57848 0 0
245 245000000 58355 0 0
246 246000000 58472 0 0
247 247000000 59380 0 0
248 248000000 58104 0 0
249 249000000 58482 0 0
250 250000000 65742 0 0
251 251000000 59336 0 0
252 252000000 58591 0 0
253 253000000 57947 0 0
254 254000000 57452 0 0
255 255000000 58480 0 0
256 256000000 57415 0 0
257 257000000 57892 0 0
258 258000000 58019 0 0
259 259000000 67564 0 0
260 260000000 58353 0 0
261 261000000 56757 0 0
262 262000000 58566 0 0
263 263000000 58783 0 0
264 264000000 58199 0 0
265 265000000 57734 0 0
266 266000000 58402 0 0
267 267000000 67335 0 0
268 268000000 57854 0 0
269 269000000 56698 0 0
270 270000000 58388 0 0
271 271000000 58986 0 0
272 272000000 58632 0 0
273 273000000 57917 0 0
274 274000000 57623 0 0
275 275000000 59212 0 0
276 276000000 56744 0 0
277 277000000 56921 0 0
278 278000000 58440 0 0
279 279000000 59218 0 0
280 280000000 58333 0 0
281 281000000 58109 0 0
282 282000000 58447 0 0
283 283000000 61098 0 0
284 284000000 67897 0 0
285 285000000 58185 0 0
286 286000000 58583 0 0
287 287000000 59821 0 0
288 288000000 58385 0 0
289 289000000 57901 0 0
290 290000000 58418 0 0
291 291000000 59717 0 0
292 292000000 67268 0 0
293 293000000 58739 0 0
294 294000000 58865 0 0
295 295000000 59663 0 0
296 296000000 57756 0 0
297 297000000 58334 0 0
298 298000000 58120 0 0
299 299000000 59178 0 0
300 300000000 67520 0 0
301 301000000 58169 0 0
302 302000000 58727 0 0
303 303000000 59866 0 0
304 304000000 58540 0 0
305 305000000 57835 0 0
306 306000000 58423 0 0
307 307000000 59150 0 0
308 308000000 58616 0 0
309 309000000 56559 0 0
310 310000000 58389 0 0
311 311000000 59648 0 0
312 312000000 58542 0 0
313 313000000 57897 0 0
314 314000000 58415 0 0
315 315000000 59163 0 0
316 316000000 57907 0 0
317 317000000 66940 0 0
318 318000000 57579 0 0
319 319000000 58698 0 0
320 320000000 57051 0 0
321 321000000 58019 0 0
322 322000000 58226 0 0
323 323000000 59105 0 0
324 324000000 58190 0 0
325 325000000 57665 0 0
326 326000000 65636 0 0
327 327000000 59261 0 0
328 328000000 58065 0 0
329 329000000 58302 0 0
330 330000000 58449 0 0
331 331000000 59107 0 0
332 332000000 58362 0 0
333 333000000 58108 0 0
334 334000000 57894 0 0
335 335000000 67478 0 0
336 336000000 58148 0 0
337 337000000 56531 0 0
338 338000000 58050 0 0
339 339000000 58798 0 0
340 340000000 58063 0 0
341 341000000 57589 0 0
342 342000000 57435 0 0
343 343000000 58574 0 0
344 344000000 65684 0 0
345 345000000 56654 0 0
346 346000000 58413 0 0
347 347000000 76894 0 0
348 348000000 56994 0 0
349 349000000 56629 0 0
350 350000000 58439 0 0
351 351000000 58897 0 0
352 352000000 56529 0 0
353 353000000 55714 0 0
354 354000000 56131 0 0
355 355000000 56548 0 0
356 356000000 67666 0 0
357 357000000 56812 0 0
358 358000000 56428 0 0
359 359000000 56474 0 0
360 360000000 56371 0 0
361 361000000 56397 0 0
362 362000000 55832 0 0
363 363000000 55949 0 0
364 364000000 56146 0 0
365 365000000 55642 0 0
366 366000000 59365 0 0
367 367000000 59883 0 0
368 368000000 57375 0 0
369 369000000 56690 0 0
370 370000000 56376 0 0
371 371000000 56492 0 0
372 372000000 56319 0 0
373 373000000 56596 0 0
374 374000000 56312 0 0
375 375000000 56689 0 0
376 376000000 56485 0 0
377 377000000 56572 0 0
378 378000000 56308 0 0
379 379000000 56074 0 0
380 380000000 56942 0 0
381 381000000 67518 0 0
382 382000000 55873 0 0
383 383000000 59556 0 0
384 384000000 58451 0 0
385 385000000 56574 0 0
386 386000000 56680 0 0
387 387000000 56627 0 0
388 388000000 56774 0 0
389 389000000 56700 0 0
390 390000000 65032 0 0
391 391000000 56002 0 0
392 392000000 56109 0 0
393 393000000 56165 0 0
394 394000000 56402 0 0
395 395000000 56258 0 0
396 396000000 56695 0 0
397 397000000 56582 0 0
398 398000000 64343 0 0
399 399000000 56254 0 0
400 400000000 59487 0 0
401 401000000 58722 0 0
402 402000000 58558 0 0
403 403000000 58905 0 0
404 404000000 55706 0 0
405 405000000 56494 0 0
406 406000000 55879 0 0
407 407000000 55906 0 0
408 408000000 56433 0 0
409 409000000 55909 0 0
410 410000000 56276 0 0
411 411000000 56784 0 0
412 412000000 56279 0 0
413 413000000 56606 0 0
414 414000000 56262 0 0
415 415000000 68882 0 0
416 416000000 56405 0 0
417 417000000 57303 0 0
418 418000000 59474 0 0
419 419000000 59751 0 0
420 420000000 57093 0 0
421 421000000 56248 0 0
422 422000000 56525 0 0
423 423000000 66259 0 0
424 424000000 56127 0 0
425 425000000 56204 0 0
426 426000000 61310 0 0
427 427000000 114806 0 0
428 428000000 62565 0 0
429 429000000 58313 0 0
430 430000000 59202 0 0
431 431000000 69237 0 0
432 432000000 58964 0 0
433 433000000 57178 0 0
434 434000000 59398 0 0
435 435000000 60236 0 0
436 436000000 58620 0 0
437 437000000 58807 0 0
438 438000000 59535 0 0
439 439000000 68338 0 0
440 440000000 56492 0 0
441 441000000 56258 0 0
442 442000000 56625 0 0
443 443000000 56682 0 0
444 444000000 56518 0 0
445 445000000 56274 0 0
446 446000000 56130 0 0
447 447000000 56317 0 0
448 448000000 55873 0 0
449 449000000 56039 0 0
450 450000000 56347 0 0
451 451000000 55983 0 0
452 452000000 59355 0 0
453 453000000 57168 0 0
454 454000000 57936 0 0
455 455000000 58423 0 0
456 456000000 69180 0 0
457 457000000 56312 0 0
458 458000000 56509 0 0
459 459000000 57397 0 0
460 460000000 56191 0 0
461 461000000 56368 0 0
462 462000000 56064 0 0
463 463000000 55891 0 0
464 464000000 69693 0 0
465 465000000 56244 0 0
466 466000000 56151 0 0
467 467000000 56488 0 0
468 468000000 56324 0 0
469 469000000 56851 0 0
470 470000000 58321 0 0
471 471000000 58648 0 0
472 472000000 56160 0 0
473 473000000 56778 0 0
474 474000000 56173 0 0
475 475000000 56570 0 0
476 476000000 56907 0 0
477 477000000 56333 0 0
478 478000000 56169 0 0
479 479000000 56486 0 0
480 480000000 56873 0 0
481 481000000 56459 0 0
482 482000000 56265 0 0
483 483000000 56332 0 0
484 484000000 56809 0 0
485 485000000 56084 0 0
486 486000000 58485 0 0
487 487000000 60876 0 0
488 488000000 60522 0 0
489 489000000 57142 0 0
490 490000000 55676 0 0
491 491000000 56263 0 0
492 492000000 55969 0 0
493 493000000 56166 0 0
494 494000000 56764 0 0
495 495000000 56460 0 0
496 496000000 55825 0 0
497 497000000 56583 0 0
498 498000000 68402 0 0
499 499000000 56075 0 0
500 500000000 56222 0 0
501 501000000 56419 0 0
502 502000000 56396 0 0
503 503000000 56312 0 0
504 504000000 58923 0 0
505 505000000 56796 0 0
506 506000000 70628 0 0
507 507000000 58793 0 0
508 508000000 56345 0 0
509 509000000 56922 0 0
510 510000000 56628 0 0
511 511000000 56254 0 0
512 512000000 56240 0 0
513 513000000 56437 0 0
514 514000000 56233 0 0
515 515000000 55969 0 0
516 516000000 56327 0 0
517 517000000 56053 0 0
518 518000000 56149 0 0
519 519000000 57007 0 0
520 520000000 55872 0 0
521 521000000 56540 0 0
522 522000000 59161 0 0
523 523000000 71921 0 0
524 524000000 57270 0 0
525 525000000 56095 0 0
526 526000000 56091 0 0
527 527000000 56699 0 0
528 528000000 56726 0 0
529 529000000 56041 0 0
530 530000000 56759 0 0
531 531000000 56154 0 0
532 532000000 68263 0 0
533 533000000 56207 0 0
534 534000000 56274 0 0
535 535000000 55879 0 0
536 536000000 56367 0 0
537 537000000 55542 0 0
538 538000000 60387 0 0
539 539000000 58981 0 0
540 540000000 73054 0 0
541 541000000 58233 0 0
542 542000000 56566 0 0
543 543000000 56623 0 0
544 544000000 56579 0 0
545 545000000 56926 0 0
546 546000000 56863 0 0
547 547000000 56629 0 0
548 548000000 56505 0 0
549 549000000 56843 0 0
550 550000000 56879 0 0
551 551000000 56345 0 0
552 552000000 56552 0 0
553 553000000 56358 0 0
554 554000000 56625 0 0
555 555000000 61250 0 0
556 556000000 59513 0 0
557 557000000 56724 0 0
558 558000000 58143 0 0
559 559000000 56357 0 0
560 560000000 56103 0 0
561 561000000 56540 0 0
562 562000000 56697 0 0
563 563000000 56553 0 0
564 564000000 56209 0 0
565 565000000 56376 0 0
566 566000000 65369 0 0
567 567000000 55938 0 0
568 568000000 56075 0 0
569 569000000 56933 0 0
570 570000000 56729 0 0
571 571000000 56615 0 0
572 572000000 60960 0 0
573 573000000 58752 0 0
574 574000000 68327 0 0
575 575000000 58585 0 0
576 576000000 56287 0 0
577 577000000 56344 0 0
578 578000000 56220 0 0
579 579000000 56227 0 0
580 580000000 56193 0 0
581 581000000 56290 0 0
582 582000000 56447 0 0
583 583000000 69548 0 0
584 584000000 56229 0 0
585 585000000 55865 0 0
586 586000000 56443 0 0
587 587000000 56710 0 0
588 588000000 55925 0 0
589 589000000 58696 0 0
590 590000000 59675 0 0
591 591000000 59090 0 0
592 592000000 66952 0 0
593 593000000 56378 0 0
594 594000000 56816 0 0
595 595000000 56491 0 0
596 596000000 56648 0 0
597 597000000 56565 0 0
598 598000000 56290 0 0
599 599000000 56117 0 0
600 600000000 56113 0 0
601 601000000 56550 0 0
602 602000000 56527 0 0
603 603000000 56564 0 0
604 604000000 56370 0 0
605 605000000 56457 0 0
606 606000000 60671 0 0
607 607000000 59736 0 0
608 608000000 59161 0 0
609 609000000 56683 0 0
610 610000000 56479 0 0
611 611000000 56335 0 0
612 612000000 56422 0 0
613 613000000 56419 0 0
614 614000000 56535 0 0
615 615000000 56061 0 0
616 616000000 56198 0 0
617 617000000 66904 0 0
618 618000000 56020 0 0
619 619000000 56107 0 0
620 620000000 56284 0 0
621 621000000 56601 0 0
622 622000000 59302 0 0
623 623000000 59039 0 0
624 624000000 59847 0 0
625 625000000 58270 0 0
626 626000000 67754 0 0
627 627000000 59856 0 0
628 628000000 59362 0 0
629 629000000 57986 0 0
630 630000000 60066 0 0
631 631000000 59491 0 0
632 632000000 59818 0 0
633 633000000 57881 0 0
634 634000000 70031 0 0
635 635000000 59918 0 0
636 636000000 59464 0 0
637 637000000 58349 0 0
638 638000000 59768 0 0
639 639000000 59464 0 0
640 640000000 59721 0 0
641 641000000 57703 0 0
642 642000000 59363 0 0
643 643000000 57606 0 0
644 644000000 56611 0 0
645 645000000 58401 0 0
646 646000000 59800 0 0
647 647000000 59857 0 0
648 648000000 59713 0 0
649 649000000 57645 0 0
650 650000000 59636 0 0
651 651000000 71103 0 0
652 652000000 59518 0 0
653 653000000 58012 0 0
654 654000000 59882 0 0
655 655000000 59988 0 0
656 656000000 59234 0 0
657 657000000 58268 0 0
658 658000000 59587 0 0
659 659000000 59724 0 0
660 660000000 67765 0 0
661 661000000 58775 0 0
662 662000000 59463 0 0
663 663000000 59479 0 0
664 664000000 59376 0 0
665 665000000 57368 0 0
666 666000000 59148 0 0
667 667000000 59996 0 0
668 668000000 67547 0 0
669 669000000 58346 0 0
670 670000000 59615 0 0
671 671000000 59622 0 0
672 672000000 59318 0 0
673 673000000 57972 0 0
674 674000000 59451 0 0
675 675000000 59277 0 0
676 676000000 68030 0 0
677 677000000 58378 0 0
678 678000000 59527 0 0
679 679000000 59603 0 0
680 680000000 59490 0 0
681 681000000 58304 0 0
682 682000000 59663 0 0
683 683000000 59840 0 0
684 684000000 59916 0 0
685 685000000 56366 0 0
686 686000000 59238 0 0
687 687000000 59114 0 0
688 688000000 59341 0 0
689 689000000 58296 0 0
690 690000000 60065 0 0
691 691000000 59731 0 0
692 692000000 59417 0 0
693 693000000 58001 0 0
694 694000000 70521 0 0
695 695000000 59477 0 0
696 696000000 59734 0 0
697 697000000 58227 0 0
698 698000000 59476 0 0
699 699000000 60334 0 0
700 700000000 59820 0 0
701 701000000 58273 0 0
702 702000000 59732 0 0
703 703000000 67543 0 0
704 704000000 59896 0 0
705 705000000 58169 0 0
706 706000000 59418 0 0
707 707000000 58913 0 0
708 708000000 59431 0 0
709 709000000 57884 0 0
710 710000000 59474 0 0
711 711000000 67806 0 0
712 712000000 59667 0 0
713 713000000 58041 0 0
714 714000000 59580 0 0
715 715000000 59406 0 0
716 716000000 59713 0 0
717 717000000 58507 0 0
718 718000000 59917 0 0
719 719000000 59683 0 0
720 720000000 68566 0 0
721 721000000 58073 0 0
722 722000000 59742 0 0
723 723000000 59538 0 0
724 724000000 59855 0 0
725 725000000 58459 0 0
726 726000000 59598 0 0
727 727000000 59624 0 0
728 728000000 59050 0 0
729 729000000 56832 0 0
730 730000000 58952 0 0
731 731000000 59329 0 0
732 732000000 59777 0 0
733 733000000 57990 0 0
734 734000000 59710 0 0
735 735000000 59335 0 0
736 736000000 59983 0 0
737 737000000 56313 0 0
738 738000000 59545 0 0
739 739000000 59692 0 0
740 740000000 59708 0 0
741 741000000 56759 0 0
742 742000000 60082 0 0
743 743000000 59948 0 0
744 744000000 59474 0 0
745 745000000 56254 0 0
746 746000000 59887 0 0
747 747000000 59583 0 0
748 748000000 59830 0 0
749 749000000 56741 0 0
750 750000000 59793 0 0
751 751000000 59118 0 0
752 752000000 58924 0 0
753 753000000 58079 0 0
754 754000000 71822 0 0
755 755000000 63753 0 0
756 756000000 63299 0 0
757 757000000 59198 0 0
758 758000000 63613 0 0
759 759000000 63389 0 0
760 760000000 63706 0 0
761 761000000 62049 0 0
762 762000000 77043 0 0
763 763000000 59277 0 0
764 764000000 59975 0 0
765 765000000 55763 0 0
766 766000000 59547 0 0
767 767000000 59192 0 0
768 768000000 59149 0 0
769 769000000 57572 0 0
770 770000000 59863 0 0
771 771000000 58577 0 0
772 772000000 57251 0 0
773 773000000 57097 0 0
774 774000000 58857 0 0
775 775000000 59244 0 0
776 776000000 59311 0 0
777 777000000 55861 0 0
778 778000000 59875 0 0
779 779000000 59240 0 0
780 780000000 57904 0 0
781 781000000 57490 0 0
782 782000000 59801 0 0
783 783000000 59096 0 0
784 784000000 59383 0 0
785 785000000 56293 0 0
786 786000000 59406 0 0
787 787000000 59422 0 0
788 788000000 68035 0 0
789 789000000 57632 0 0
790 790000000 59792 0 0
791 791000000 58616 0 0
792 792000000 59795 0 0
793 793000000 56035 0 0
794 794000000 60199 0 0
795 795000000 58462 0 0
796 796000000 60002 0 0
797 797000000 57353 0 0
798 798000000 60636 0 0
799 799000000 60272 0 0
800 800000000 61290 0 0
801 801000000 56608 0 0
802 802000000 61243 0 0
803 803000000 60869 0 0
804 804000000 61106 0 0
805 805000000 59068 0 0
806 806000000 74233 0 0
807 807000000 60895 0 0
808 808000000 60861 0 0
809 809000000 57030 0 0
810 810000000 60804 0 0
811 811000000 60089 0 0
812 812000000 60877 0 0
813 813000000 57447 0 0
814 814000000 60259 0 0
815 815000000 57680 0 0
816 816000000 60602 0 0
817 817000000 57874 0 0
818 818000000 60435 0 0
819 819000000 59840 0 0
820 820000000 60819 0 0
821 821000000 56978 0 0
822 822000000 60661 0 0
823 823000000 72289 0 0
824 824000000 61796 0 0
825 825000000 57645 0 0
826 826000000 62020 0 0
827 827000000 61164 0 0
828 828000000 62032 0 0
829 829000000 59344 0 0
830 830000000 61685 0 0
831 831000000 61030 0 0
832 832000000 75804 0 0
833 833000000 57116 0 0
834 834000000 60989 0 0
835 835000000 60435 0 0
836 836000000 60431 0 0
837 837000000 57091 0 0
838 838000000 60384 0 0
839 839000000 59559 0 0
840 840000000 60548 0 0
841 841000000 56988 0 0
842 842000000 61252 0 0
843 843000000 60828 0 0
844 844000000 61686 0 0
845 845000000 58396 0 0
846 846000000 60757 0 0
847 847000000 60353 0 0
848 848000000 60810 0 0
849 849000000 58232 0 0
850 850000000 70471 0 0
851 851000000 58655 0 0
852 852000000 59063 0 0
853 853000000 57266 0 0
854 854000000 59506 0 0
855 855000000 59142 0 0
856 856000000 59670 0 0
857 857000000 57692 0 0
858 858000000 59041 0 0
859 859000000 58908 0 0
860 860000000 61789 0 0
861 861000000 59361 0 0
862 862000000 61442 0 0
863 863000000 60897 0 0
864 864000000 62076 0 0
865 865000000 59037 0 0
866 866000000 62279 0 0
867 867000000 73286 0 0
868 868000000 61130 0 0
869 869000000 58602 0 0
870 870000000 60872 0 0
871 871000000 60248 0 0
872 872000000 61015 0 0
873 873000000 58167 0 0
874 874000000 60868 0 0
875 875000000 59973 0 0
876 876000000 70038 0 0
877 877000000 58804 0 0
878 878000000 60373 0 0
879 879000000 59719 0 0
880 880000000 60106 0 0
881 881000000 58189 0 0
882 882000000 60450 0 0
883 883000000 59845 0 0
884 884000000 60763 0 0
885 885000000 57053 0 0
886 886000000 60696 0 0
887 887000000 59981 0 0
888 888000000 60779 0 0
889 889000000 58251 0 0
890 890000000 60722 0 0
891 891000000 59977 0 0
892 892000000 60855 0 0
893 893000000 58176 0 0
894 894000000 70055 0 0
895 895000000 59963 0 0
896 896000000 60961 0 0
897 897000000 58403 0 0
898 898000000 61024 0 0
899 899000000 59127 0 0
900 900000000 58582 0 0
901 901000000 56786 0 0
902 902000000 59627 0 0
903 903000000 57850 0 0
904 904000000 60482 0 0
905 905000000 56811 0 0
906 906000000 60805 0 0
907 907000000 60191 0 0
908 908000000 60598 0 0
909 909000000 58701 0 0
910 910000000 60992 0 0
911 911000000 73281 0 0
912 912000000 60954 0 0
913 913000000 57575 0 0
914 914000000 62240 0 0
915 915000000 60854 0 0
916 916000000 61902 0 0
917 917000000 58011 0 0
918 918000000 62115 0 0
919 919000000 60649 0 0
920 920000000 75523 0 0
921 921000000 59881 0 0
922 922000000 60669 0 0
923 923000000 59744 0 0
924 924000000 60532 0 0
925 925000000 56731 0 0
926 926000000 60134 0 0
927 927000000 60802 0 0
928 928000000 60898 0 0
929 929000000 60043 0 0
930 930000000 61051 0 0
931 931000000 63903 0 0
932 932000000 61315 0 0
933 933000000 58827 0 0
934 934000000 60596 0 0
935 935000000 59942 0 0
936 936000000 60670 0 0
937 937000000 57690 0 0
938 938000000 61063 0 0
939 939000000 60098 0 0
940 940000000 60786 0 0
941 941000000 59099 0 0
942 942000000 59887 0 0
943 943000000 60264 0 0
944 944000000 60461 0 0
945 945000000 57251 0 0
946 946000000 60674 0 0
947 947000000 59338 0 0
948 948000000 60517 0 0
949 949000000 58469 0 0
950 950000000 61021 0 0
951 951000000 60065 0 0
952 952000000 61084 0 0
953 953000000 57473 0 0
954 954000000 60476 0 0
955 955000000 60252 0 0
956 956000000 60899 0 0
957 957000000 57339 0 0
958 958000000 61213 0 0
959 959000000 60558 0 0
960 960000000 60504 0 0
961 961000000 56964 0 0
962 962000000 69504 0 0
963 963000000 59843 0 0
964 964000000 61122 0 0
965 965000000 58313 0 0
966 966000000 60113 0 0
967 967000000 57655 0 0
968 968000000 59895 0 0
969 969000000 58349 0 0
970 970000000 75748 0 0
971 971000000 59234 0 0
972 972000000 59911 0 0
973 973000000 56592 0 0
974 974000000 60575 0 0
975 975000000 59530 0 0
976 976000000 69094 0 0
977 977000000 58120 0 0
978 978000000 60191 0 0
979 979000000 58614 0 0
980 980000000 60053 0 0
981 981000000 57866 0 0
982 982000000 60437 0 0
983 983000000 58770 0 0
984 984000000 72192 0 0
985 985000000 56990 0 0
986 986000000 58860 0 0
987 987000000 57454 0 0
988 988000000 58412 0 0
989 989000000 56865 0 0
990 990000000 58605 0 0
991 991000000 57830 0 0
992 992000000 59480 0 0
993 993000000 56761 0 0
994 994000000 59633 0 0
995 995000000 57776 0 0
996 996000000 58674 0 0
997 997000000 57208 0 0
998 998000000 59168 0 0
999 999000000 57662 0 0
